threshold_chi_sq: 15.830518699996174

calibrated_params: [1, 1619.67421, 0.02903]

calibrated_chi_sq: 6.044
