threshold_chi_sq: 3.4

parameter_labels: ['e', 'b', 'k_bind', 'm', 'km', 'n']

calibrated_params: [3.77019, 3.1378, 0.9095, 205841.43352, 11.35142, 1.58056]

calibrated_chi_sq: 0.001
