threshold_chi_sq: 15.830518662184158

calibrated_params: [1, 1619.67425, 0.02903]

calibrated_chi_sq: 6.044
